--------------------------------------------------------------------------------
CPU name:	Intel(R) Xeon(R) CPU E5-2650 0 @ 2.00GHz
CPU type:	Intel Xeon SandyBridge EN/EP processor
CPU clock:	2.00 GHz
--------------------------------------------------------------------------------
HPCELO:0.075840
--------------------------------------------------------------------------------
Group 1: MEM
+-----------------------+---------+-----------+-----------+-----------+-----------+-----------+-----------+-----------+-----------+-----------+-----------+-----------+-----------+-----------+-----------+-----------+-----------+-----------+-----------+-----------+---------+-----------+----------+----------+-----------+----------+-----------+-----------+-----------+----------+----------+----------+-----------+
|         Event         | Counter |   Core 0  |   Core 2  |   Core 4  |   Core 6  |   Core 8  |  Core 10  |  Core 12  |  Core 14  |   Core 1  |   Core 3  |   Core 5  |   Core 7  |   Core 9  |  Core 11  |  Core 13  |  Core 15  |  Core 16  |  Core 18  |  Core 20  | Core 22 |  Core 24  |  Core 26 |  Core 28 |  Core 30  |  Core 17 |  Core 19  |  Core 21  |  Core 23  |  Core 25 |  Core 27 |  Core 29 |  Core 31  |
+-----------------------+---------+-----------+-----------+-----------+-----------+-----------+-----------+-----------+-----------+-----------+-----------+-----------+-----------+-----------+-----------+-----------+-----------+-----------+-----------+-----------+---------+-----------+----------+----------+-----------+----------+-----------+-----------+-----------+----------+----------+----------+-----------+
|   INSTR_RETIRED_ANY   |  FIXC0  |  48374458 |  45352262 |  36603520 |  41002247 |  36810725 |  38621003 |  37999593 |  39003498 |  50476207 |  35306169 |  37374151 |  36669360 |  35951123 |  37092138 |  36058105 |  35282321 |  34828385 |  47770845 |  48482726 |  124634 |  33572988 | 13443606 | 13199540 |  37346267 | 14746667 |  42418624 |  51831212 |  35226940 | 14775707 | 13433452 | 26212555 |  33148044 |
| CPU_CLK_UNHALTED_CORE |  FIXC1  | 167198929 | 163088008 | 131974702 | 118476831 | 129738287 | 121648201 | 120054153 | 138735328 | 158162029 | 126651687 | 135462851 | 132224211 | 116138645 | 115708107 | 121735191 | 126890935 | 128065707 | 169991275 | 166806068 |  941625 | 119189618 | 49059442 | 48697186 | 132159474 | 55340498 | 147496129 | 176997990 | 128285818 | 55329326 | 49087123 | 94191829 | 120429844 |
|  CPU_CLK_UNHALTED_REF |  FIXC2  | 138774100 | 135281160 | 109781300 |  98536960 | 108096520 | 101341080 | 100032120 | 115362600 | 131797460 | 105543140 | 112864920 | 110181080 |  96776680 |  96416600 | 101428560 | 105733160 | 106671300 | 141188020 | 138622220 |  784680 |  99307180 | 40874440 | 40578960 | 110079020 | 46112880 | 122904360 | 147476480 | 106888900 | 46104360 | 40901700 | 78488300 | 100351520 |
|      CAS_COUNT_RD     | MBOX0C0 |     0     |     0     |     0     |     0     |     0     |     0     |     0     |     0     |     0     |     0     |     0     |     0     |     0     |     0     |     0     |     0     |     0     |     0     |     0     |    0    |     0     |     0    |     0    |     0     |     0    |     0     |     0     |     0     |     0    |     0    |     0    |     0     |
|      CAS_COUNT_WR     | MBOX0C1 |     0     |     0     |     0     |     0     |     0     |     0     |     0     |     0     |     0     |     0     |     0     |     0     |     0     |     0     |     0     |     0     |     0     |     0     |     0     |    0    |     0     |     0    |     0    |     0     |     0    |     0     |     0     |     0     |     0    |     0    |     0    |     0     |
|      CAS_COUNT_RD     | MBOX1C0 |     0     |     0     |     0     |     0     |     0     |     0     |     0     |     0     |     0     |     0     |     0     |     0     |     0     |     0     |     0     |     0     |     0     |     0     |     0     |    0    |     0     |     0    |     0    |     0     |     0    |     0     |     0     |     0     |     0    |     0    |     0    |     0     |
|      CAS_COUNT_WR     | MBOX1C1 |     0     |     0     |     0     |     0     |     0     |     0     |     0     |     0     |     0     |     0     |     0     |     0     |     0     |     0     |     0     |     0     |     0     |     0     |     0     |    0    |     0     |     0    |     0    |     0     |     0    |     0     |     0     |     0     |     0    |     0    |     0    |     0     |
|      CAS_COUNT_RD     | MBOX2C0 |   90067   |     0     |     0     |     0     |     0     |     0     |     0     |     0     |   28899   |     0     |     0     |     0     |     0     |     0     |     0     |     0     |     0     |     0     |     0     |    0    |     0     |     0    |     0    |     0     |     0    |     0     |     0     |     0     |     0    |     0    |     0    |     0     |
|      CAS_COUNT_WR     | MBOX2C1 |   47797   |     0     |     0     |     0     |     0     |     0     |     0     |     0     |   17154   |     0     |     0     |     0     |     0     |     0     |     0     |     0     |     0     |     0     |     0     |    0    |     0     |     0    |     0    |     0     |     0    |     0     |     0     |     0     |     0    |     0    |     0    |     0     |
|      CAS_COUNT_RD     | MBOX3C0 |     0     |     0     |     0     |     0     |     0     |     0     |     0     |     0     |     0     |     0     |     0     |     0     |     0     |     0     |     0     |     0     |     0     |     0     |     0     |    0    |     0     |     0    |     0    |     0     |     0    |     0     |     0     |     0     |     0    |     0    |     0    |     0     |
|      CAS_COUNT_WR     | MBOX3C1 |     0     |     0     |     0     |     0     |     0     |     0     |     0     |     0     |     0     |     0     |     0     |     0     |     0     |     0     |     0     |     0     |     0     |     0     |     0     |    0    |     0     |     0    |     0    |     0     |     0    |     0     |     0     |     0     |     0    |     0    |     0    |     0     |
+-----------------------+---------+-----------+-----------+-----------+-----------+-----------+-----------+-----------+-----------+-----------+-----------+-----------+-----------+-----------+-----------+-----------+-----------+-----------+-----------+-----------+---------+-----------+----------+----------+-----------+----------+-----------+-----------+-----------+----------+----------+----------+-----------+

+----------------------------+---------+------------+--------+-----------+--------------+
|            Event           | Counter |     Sum    |   Min  |    Max    |      Avg     |
+----------------------------+---------+------------+--------+-----------+--------------+
|   INSTR_RETIRED_ANY STAT   |  FIXC0  | 1088539072 | 124634 |  51831212 |   34016846   |
| CPU_CLK_UNHALTED_CORE STAT |  FIXC1  | 3765957047 | 941625 | 176997990 | 1.176862e+08 |
|  CPU_CLK_UNHALTED_REF STAT |  FIXC2  | 3135281760 | 784680 | 147476480 |   97977555   |
|      CAS_COUNT_RD STAT     | MBOX0C0 |      0     |    0   |     0     |       0      |
|      CAS_COUNT_WR STAT     | MBOX0C1 |      0     |    0   |     0     |       0      |
|      CAS_COUNT_RD STAT     | MBOX1C0 |      0     |    0   |     0     |       0      |
|      CAS_COUNT_WR STAT     | MBOX1C1 |      0     |    0   |     0     |       0      |
|      CAS_COUNT_RD STAT     | MBOX2C0 |   118966   |    0   |   90067   |   3717.6875  |
|      CAS_COUNT_WR STAT     | MBOX2C1 |    64951   |    0   |   47797   |   2029.7188  |
|      CAS_COUNT_RD STAT     | MBOX3C0 |      0     |    0   |     0     |       0      |
|      CAS_COUNT_WR STAT     | MBOX3C1 |      0     |    0   |     0     |       0      |
+----------------------------+---------+------------+--------+-----------+--------------+

+-----------------------------------+-----------+-----------+-----------+-----------+-----------+-----------+-----------+-----------+-----------+-----------+-----------+-----------+-----------+-----------+-----------+-----------+-----------+-----------+-----------+-----------+-----------+-----------+-----------+-----------+-----------+-----------+-----------+-----------+-----------+-----------+-----------+-----------+
|               Metric              |   Core 0  |   Core 2  |   Core 4  |   Core 6  |   Core 8  |  Core 10  |  Core 12  |  Core 14  |   Core 1  |   Core 3  |   Core 5  |   Core 7  |   Core 9  |  Core 11  |  Core 13  |  Core 15  |  Core 16  |  Core 18  |  Core 20  |  Core 22  |  Core 24  |  Core 26  |  Core 28  |  Core 30  |  Core 17  |  Core 19  |  Core 21  |  Core 23  |  Core 25  |  Core 27  |  Core 29  |  Core 31  |
+-----------------------------------+-----------+-----------+-----------+-----------+-----------+-----------+-----------+-----------+-----------+-----------+-----------+-----------+-----------+-----------+-----------+-----------+-----------+-----------+-----------+-----------+-----------+-----------+-----------+-----------+-----------+-----------+-----------+-----------+-----------+-----------+-----------+-----------+
|        Runtime (RDTSC) [s]        |   0.0789  |   0.0789  |   0.0789  |   0.0789  |   0.0789  |   0.0789  |   0.0789  |   0.0789  |   0.0789  |   0.0789  |   0.0789  |   0.0789  |   0.0789  |   0.0789  |   0.0789  |   0.0789  |   0.0789  |   0.0789  |   0.0789  |   0.0789  |   0.0789  |   0.0789  |   0.0789  |   0.0789  |   0.0789  |   0.0789  |   0.0789  |   0.0789  |   0.0789  |   0.0789  |   0.0789  |   0.0789  |
|        Runtime unhalted [s]       |   0.0836  |   0.0815  |   0.0660  |   0.0592  |   0.0649  |   0.0608  |   0.0600  |   0.0694  |   0.0791  |   0.0633  |   0.0677  |   0.0661  |   0.0581  |   0.0579  |   0.0609  |   0.0634  |   0.0640  |   0.0850  |   0.0834  |   0.0005  |   0.0596  |   0.0245  |   0.0243  |   0.0661  |   0.0277  |   0.0738  |   0.0885  |   0.0641  |   0.0277  |   0.0245  |   0.0471  |   0.0602  |
|            Clock [MHz]            | 2409.5581 | 2410.9991 | 2404.2225 | 2404.6208 | 2400.3180 | 2400.6702 | 2400.2145 | 2405.1068 | 2399.9795 | 2399.9009 | 2400.3445 | 2400.0279 | 2400.0394 | 2400.0722 | 2400.3149 | 2400.1132 | 2401.0301 | 2407.9148 | 2406.5303 | 2399.9254 | 2400.3254 | 2400.3973 | 2400.0224 | 2401.0770 | 2400.1211 | 2400.0797 | 2400.2579 | 2400.2605 | 2400.0800 | 2400.1510 | 2400.0520 | 2400.0623 |
|                CPI                |   3.4563  |   3.5960  |   3.6055  |   2.8895  |   3.5245  |   3.1498  |   3.1594  |   3.5570  |   3.1334  |   3.5872  |   3.6245  |   3.6058  |   3.2305  |   3.1195  |   3.3761  |   3.5964  |   3.6770  |   3.5585  |   3.4405  |   7.5551  |   3.5502  |   3.6493  |   3.6893  |   3.5388  |   3.7527  |   3.4772  |   3.4149  |   3.6417  |   3.7446  |   3.6541  |   3.5934  |   3.6331  |
|  Memory read bandwidth [MBytes/s] |  73.0360  |     0     |     0     |     0     |     0     |     0     |     0     |     0     |  23.4344  |     0     |     0     |     0     |     0     |     0     |     0     |     0     |     0     |     0     |     0     |     0     |     0     |     0     |     0     |     0     |     0     |     0     |     0     |     0     |     0     |     0     |     0     |     0     |
|  Memory read data volume [GBytes] |   0.0058  |     0     |     0     |     0     |     0     |     0     |     0     |     0     |   0.0018  |     0     |     0     |     0     |     0     |     0     |     0     |     0     |     0     |     0     |     0     |     0     |     0     |     0     |     0     |     0     |     0     |     0     |     0     |     0     |     0     |     0     |     0     |     0     |
| Memory write bandwidth [MBytes/s] |  38.7589  |     0     |     0     |     0     |     0     |     0     |     0     |     0     |  13.9103  |     0     |     0     |     0     |     0     |     0     |     0     |     0     |     0     |     0     |     0     |     0     |     0     |     0     |     0     |     0     |     0     |     0     |     0     |     0     |     0     |     0     |     0     |     0     |
| Memory write data volume [GBytes] |   0.0031  |     0     |     0     |     0     |     0     |     0     |     0     |     0     |   0.0011  |     0     |     0     |     0     |     0     |     0     |     0     |     0     |     0     |     0     |     0     |     0     |     0     |     0     |     0     |     0     |     0     |     0     |     0     |     0     |     0     |     0     |     0     |     0     |
|    Memory bandwidth [MBytes/s]    |  111.7949 |     0     |     0     |     0     |     0     |     0     |     0     |     0     |  37.3447  |     0     |     0     |     0     |     0     |     0     |     0     |     0     |     0     |     0     |     0     |     0     |     0     |     0     |     0     |     0     |     0     |     0     |     0     |     0     |     0     |     0     |     0     |     0     |
|    Memory data volume [GBytes]    |   0.0088  |     0     |     0     |     0     |     0     |     0     |     0     |     0     |   0.0029  |     0     |     0     |     0     |     0     |     0     |     0     |     0     |     0     |     0     |     0     |     0     |     0     |     0     |     0     |     0     |     0     |     0     |     0     |     0     |     0     |     0     |     0     |     0     |
+-----------------------------------+-----------+-----------+-----------+-----------+-----------+-----------+-----------+-----------+-----------+-----------+-----------+-----------+-----------+-----------+-----------+-----------+-----------+-----------+-----------+-----------+-----------+-----------+-----------+-----------+-----------+-----------+-----------+-----------+-----------+-----------+-----------+-----------+

+----------------------------------------+------------+-----------+-----------+-----------+
|                 Metric                 |     Sum    |    Min    |    Max    |    Avg    |
+----------------------------------------+------------+-----------+-----------+-----------+
|        Runtime (RDTSC) [s] STAT        |   2.5248   |   0.0789  |   0.0789  |   0.0789  |
|        Runtime unhalted [s] STAT       |   1.8829   |   0.0005  |   0.0885  |   0.0588  |
|            Clock [MHz] STAT            | 76854.7897 | 2399.9009 | 2410.9991 | 2401.7122 |
|                CPI STAT                |  115.7818  |   2.8895  |   7.5551  |   3.6182  |
|  Memory read bandwidth [MBytes/s] STAT |   96.4704  |     0     |  73.0360  |   3.0147  |
|  Memory read data volume [GBytes] STAT |   0.0076   |     0     |   0.0058  |   0.0002  |
| Memory write bandwidth [MBytes/s] STAT |   52.6692  |     0     |  38.7589  |   1.6459  |
| Memory write data volume [GBytes] STAT |   0.0042   |     0     |   0.0031  |   0.0001  |
|    Memory bandwidth [MBytes/s] STAT    |  149.1396  |     0     |  111.7949 |   4.6606  |
|    Memory data volume [GBytes] STAT    |   0.0117   |     0     |   0.0088  |   0.0004  |
+----------------------------------------+------------+-----------+-----------+-----------+

