--------------------------------------------------------------------------------
CPU name:	Intel(R) Xeon(R) CPU E5-2650 0 @ 2.00GHz
CPU type:	Intel Xeon SandyBridge EN/EP processor
CPU clock:	2.00 GHz
--------------------------------------------------------------------------------
# CORES: 0|2|4

1 7 3 0.010573361522728 0.010745079788388 0.010745079788388 0.010745079788388 5.6303038027946e-06 4.9915693376356e-05 0.0 2759.6550066658 2752.9126734128 0.0 7.7441540577717 8.3795853269537 0.0 0.60935350756534 0.64123226727105 0.0 0.043328748280605 0.11743473516327 0.0 0.071106094808126 0.18313915433957 0.0
1 7 3 0.022230624531154 0.010941246373242 0.010941246373242 0.010941246373242 0.0067392261385897 0.0016780195434315 0.0 2698.8054448841 2696.7957783433 0.0 3.0040481254852 1.2030139714692 0.0 0.000612501312264 0.033356730244606 0.0 6.2186268603223e-05 0.002719442833268 0.0 0.10152838427948 0.081526061257388 0.0
1 7 3 0.033958172832069 0.011116052305508 0.011116052305508 0.011116052305508 0.0098067031550738 0.013199397719812 0.0012918937086574 2399.8592420269 2427.407676498 2399.87049958 5.1462188216753 4.7451571657302 6.2816477470271 0.10215084094262 0.079442021796462 0.19980257767426 0.0048879289828106 0.0037740339632498 0.018008708950379 0.047850110069638 0.047506771327135 0.090132515606177
1 7 3 0.045659982744179 0.011162559314957 0.011162559314957 0.011162559314957 0.013485559160656 0.013842753434326 0.01378715393426 2399.8661393683 2399.871626524 2399.871544031 6.5293515815294 6.6912184445897 6.7143825287085 0.20037564213961 0.19092514196838 0.19953849124724 0.017137522645415 0.0092413891450235 0.017188473677661 0.085526975546633 0.04840320687861 0.086141142845288
1 7 3 0.057391977285006 0.011204004051253 0.011204004051253 0.011204004051253 0.013547369995877 0.013873926116358 0.013877902330908 2399.8717396738 2399.8707590596 2399.8714507328 6.802012087488 6.4768928959343 6.982905982906 0.20147261184491 0.2011163195024 0.18573534440009 0.017540239113641 0.017032381015519 0.013315781912526 0.087060166406851 0.084689204027104 0.071692234752277
1 7 3 0.069103656229635 0.011193457982203 0.011193457982203 0.011193457982203 0.013550135645107 0.013915513360343 0.01392851106168 2399.8535847394 2399.8716206315 2399.871791894 6.8063859767216 6.8976698465558 6.668615144405 0.20127995820545 0.19823195551906 0.17414732253687 0.017458519407844 0.016504127890881 0.009050761687455 0.086737495195739 0.083256646728149 0.051971868160873
1 7 3 0.080875692931077 0.011188059190892 0.011188059190892 0.011188059190892 0.013556877508888 0.013900381543853 0.013892741131588 2399.8637723861 2399.8697226232 2399.8724862306 6.9334321474868 6.6570551089463 6.7003750755734 0.20135122728764 0.18022778268689 0.17626960296202 0.017576848846312 0.006242950638304 0.011677431630642 0.087294470876018 0.034639224570331 0.066247563019462
1 7 3 0.092609377563099 0.011190261809742 0.011190261809742 0.011190261809742 0.013545322385391 0.013895842298922 0.013885422736698 2399.878915799 2399.8712767912 2399.8686847285 6.7400245126335 6.5832068934885 6.6590539364879 0.20164228673113 0.1931249888958 0.18148231100743 0.017515635138955 0.014129993189423 0.010118307097754 0.086864890410164 0.07316501748537 0.055753682227135
1 7 3 0.10432676531577 0.011183485944126 0.011183485944126 0.011183485944126 0.013513926691326 0.01389451772745 0.013904693276508 2399.8785801602 2399.87049958 2399.8682557354 6.7981353570315 6.7496245355426 6.636684202751 0.18742944390224 0.20167135425409 0.17914371434838 0.0087899566350401 0.017320309621242 0.011796344033105 0.046897416179843 0.085883836528513 0.065848495304529
1 7 3 0.11609043606579 0.011187237646563 0.011187237646563 0.011187237646563 0.013544869360946 0.013888970928153 0.013877890830288 2399.8666900255 2399.8700675827 2399.8673867191 6.9382436546507 6.6055011989164 6.6760230418338 0.20128359268664 0.20160535661076 0.17671700052053 0.017554181422151 0.017110391393961 0.0098123593440755 0.087211188889497 0.084870718127772 0.055525836875755
1 7 3 0.12775990273271 0.011157207526182 0.011157207526182 0.011157207526182 0.01348178095679 0.013826532059045 0.013877287797749 2399.8600855708 2399.8701524214 2399.8689430809 6.9086310141519 6.9034008238672 6.6835477972386 0.20123479566553 0.20141330670328 0.17506930251006 0.017436524225722 0.017146673324179 0.011115614479848 0.08664766035146 0.085131780043904 0.063492653026414
1 7 3 0.13950400642693 0.011161757771707 0.011161757771707 0.011161757771707 0.013512882134963 0.01386956188087 0.01383575905692 2399.8635728764 2399.8693748154 2399.8719740212 6.8234615949812 6.8945716387144 6.6848549155866 0.20214402330212 0.20156565404236 0.17573421601363 0.017463712896711 0.017378342282875 0.010083805826763 0.086392427594115 0.086216783139171 0.057381004425344
1 7 3 0.1512141497887 0.011170082720908 0.011170082720908 0.011170082720908 0.013520441042831 0.013894548729123 0.013898079419634 2399.8697007898 2399.8717086879 2399.8700678658 6.7116626562965 6.8871432020078 6.6677795362028 0.17941570552647 0.20178025362938 0.17535455773931 0.0084267417806441 0.017281804423916 0.010733829386713 0.046967693022844 0.085646658248621 0.061212149402298
1 7 3 0.16292188702064 0.011148574060333 0.011148574060333 0.011148574060333 0.013468477738968 0.013824039924573 0.013858508784462 2399.8760236023 2399.8708468013 2399.8672091872 6.7490794888184 6.9481403702597 6.6681764715365 0.20183242800218 0.20196728266035 0.17901894121024 0.017415983857635 0.01727649044695 0.011294424701069 0.086289324416426 0.085541035257695 0.06309066864497
1 7 3 0.17466626222951 0.011182931914232 0.011182931914232 0.011182931914232 0.013541271166793 0.013983241014827 0.013968223204488 2399.8521557999 2399.8709286652 2399.8721318575 6.8894964304776 6.6790223325323 6.5750076200586 0.2024098028431 0.20277951729478 0.17477389903393 0.017788590452068 0.017340397125761 0.0077542186880319 0.087884036258151 0.085513553622642 0.044367143669013
1 7 3 0.18649943772991 0.011210605907479 0.011210605907479 0.011210605907479 9.7060237225618e-06 0.013956611077915 0.013937019520784 2384.5150628249 2399.8708435031 2399.8717911051 12.011757425743 6.8753911354536 6.5578870889606 0.75742574257426 0.20220930103666 0.17546646288166 0.095915841584158 0.017358617912113 0.0081642621306936 0.1266339869281 0.085844804482885 0.046528903567171
1 7 3 0.19812760666846 0.011088567822487 0.011088567822487 0.011088567822487 0.010645319405556 0.0028818094981418 0.013673111280689 2399.8544926518 2399.868833961 2399.8693586552 1.8101790105013 6.8451009013482 6.3998048562201 0.17918030001906 0.2045023463082 0.20142849553227 0.016123223001881 0.017876124903648 0.017380621880959 0.089983234765014 0.087412810788522 0.08628680780756
1 7 3 0.20927873286651 0.010757641466197 0.010757641466197 0.010757641466197 0.0046559212265643 0.0 0.0081223387692841 2399.8735924199 0.0 2399.8741931032 1.8590069300433 0.0 3.3001146033892 0.1355402353192 0.0 0.21115263054496 0.01373830027366 0.0 0.019995965213067 0.10135957224293 0.0 0.094699105388643
1 7 3 0.22019453936705 0.010616318340613 0.010616318340613 0.010616318340613 2.4938845662911e-05 0.0015296185359345 0.0 2406.9647113609 2495.1725930828 0.0 1.1125362480482 2.6699134284146 0.0 0.077693508811064 0.00014662794990561 0.0 0.022886459959848 4.363927080524e-06 0.0 0.29457364341085 0.029761904761905 0.0
1 7 3 0.24127119613184 0.020743380281685 0.020743380281685 0.020743380281685 0.022562213923408 0.022888218014102 0.010045238526087 2399.9931001951 2400.2223478764 2399.8706190396 5.9257728609227 5.9023639904724 6.6832915656574 0.13535065118242 0.14097600678358 0.18695684139894 0.0063915935488099 0.0080041860988097 0.012900240293049 0.047222480963137 0.056776938724737 0.069001167309636
1 7 3 0.2528572642987 0.011052951900705 0.011052951900705 0.011052951900705 0.013331448845093 0.013702527867964 0.013752764078635 2399.8707696182 2399.8698865546 2399.8680564373 6.8979105597454 6.5722741873089 6.4704329400594 0.19886446839062 0.18563867331259 0.17710923331468 0.017624671746245 0.0093928083283348 0.0091229100339777 0.088626549975866 0.050597260585452 0.051510075805978
1 7 3 0.26452923960098 0.011097146785395 0.011097146785395 0.011097146785395 0.013464587529058 0.013824960474245 0.013785577849217 2399.8778076613 2399.8702391815 2399.8708477701 6.5159006992422 6.553086572496 6.4573679760346 0.19845947495255 0.18826369127781 0.17192498401448 0.017600227652357 0.013325919510726 0.0083937425781534 0.088684239724833 0.070783269042895 0.048822122196308
1 7 3 0.27620621567309 0.011132543195332 0.011132543195332 0.011132543195332 0.013434185388604 0.01378531733516 0.01380439236442 2399.8791640741 2399.8693679418 2399.8683263607 6.5695124041571 6.559973264367 6.4836890239248 0.19796426920042 0.17959987445959 0.17581067557923 0.017483458800867 0.010914115467192 0.010861536777815 0.088316234396654 0.06076905955548 0.061779734035092
1 7 3 0.2877602731127 0.011043636898082 0.011043636898082 0.011043636898082 0.013324614976348 0.013693751394399 0.013729030798023 2399.8741019409 2399.8754945694 2399.8687514608 6.4792430644472 6.604785945175 6.4626192355836 0.18048217343246 0.17329142379481 0.17202829595798 0.0075442630970576 0.0085416450112881 0.0083850336658254 0.041800599768822 0.04929063899551 0.04874217708855
1 7 3 0.2993642837477 0.011052184859317 0.011052184859317 0.011052184859317 0.013344492548912 0.013732582489667 0.013724976079236 2399.8619567603 2399.8686645296 2399.8690132396 6.7484456791182 6.5592010311802 6.4557614589093 0.19855505748844 0.18441445725352 0.17724110307709 0.017557940444862 0.011148191075954 0.0078614151864431 0.088428573247921 0.060451828137465 0.044354357143805
1 7 3 0.31096081497914 0.011038358113246 0.011038358113246 0.011038358113246 0.013324205954278 0.013731228416603 0.013707454133778 2399.8847294054 2399.8690139163 2399.8730383474 6.6079580256502 6.5500879078364 6.4406424894375 0.19851394573866 0.17575103298565 0.17199204288964 0.017573708797245 0.0097677759043082 0.0094501845373902 0.08852631855084 0.055577345625647 0.054945475259305
1 7 3 0.32252896217901 0.011026675982896 0.011026675982896 0.011026675982896 0.013300046150651 0.013689429161177 0.013684015369057 2399.869146202 2399.8709378745 2399.8706749672 6.8676875767329 6.5609782400565 6.3948271321559 0.18509223434456 0.1816534336155 0.17674705098723 0.012319084744056 0.0091481439498423 0.0093394459097045 0.066556464606307 0.050360424065562 0.052840745333732
1 7 3 0.33408162104315 0.011024544867904 0.011024544867904 0.011024544867904 0.013293752311045 0.013640870041 0.013616557729144 2399.8768183544 2399.8743703071 2399.8682082542 6.4553064805658 6.5553221219523 6.416371668071 0.19827179085115 0.17800216025539 0.17396010638799 0.017247855581776 0.0074366611438781 0.0067856745665971 0.086990970867485 0.041778488155472 0.039007072986393
1 7 3 0.34560507733157 0.011042701347601 0.011042701347601 0.011042701347601 0.013299385615009 0.013699601710073 0.01376304763352 2399.8712214181 2399.872339051 2399.8678838832 6.4256056558724 6.555164977774 6.3807915631874 0.19841431091885 0.17445962652076 0.18751957441314 0.017390010274751 0.0064210062152431 0.01367374903997 0.087644939491605 0.0368051126974 0.072919049026019
1 7 3 0.3572119591215 0.011035245445291 0.011035245445291 0.011035245445291 0.013334847528481 0.013624193141139 0.013741835988972 2399.8582610323 2399.8708518945 2399.870936203 6.5644646989872 6.4887637613084 6.4660094511976 0.1986590582491 0.18147613817463 0.17351570670466 0.017553399148016 0.0083141783985681 0.0092323872332366 0.088359419916338 0.045814168640548 0.053207789707194
1 7 3 0.36882015148214 0.011035777974026 0.011035777974026 0.011035777974026 4.5510455676301e-05 0.013704794990295 0.01367088866076 2400.0814586605 2399.8697115349 2399.8731329157 1.6753672274786 6.4310979210941 6.5086085753185 0.078378676876634 0.18129062095462 0.17979677844098 0.021113279092884 0.0081517027159124 0.0056862804379431 0.26937529356505 0.044964834214743 0.031626153078207
1 7 3 0.38033946154684 0.011015089857726 0.011015089857726 0.011015089857726 0.013321079785594 0.013585018027308 0.013511049536079 2399.866355779 2399.8699695845 2399.8684568093 1.7422979633324 6.289115461228 5.3112399249525 0.18847536448291 0.18408286235788 0.18516642440361 0.016628488441827 0.01341084993177 0.013091050615781 0.088226323304631 0.072852245776672 0.070698835698454
1 7 3 0.39134308678595 0.010673192409453 0.010673192409453 0.010673192409453 0.0055996431483914 0.013148892994652 0.0098407159903557 2399.8846434218 2399.8682180213 2399.8717190041 2.1574470544492 6.1812355952024 1.8602690117715 0.12495111458741 0.177710393785 0.1561404643061 0.010874812886869 0.0099068573006834 0.013763935922499 0.087032540067994 0.055747202454962 0.088150986252459
1 7 3 0.40235892968431 0.010654655909251 0.010654655909251 0.010654655909251 0.0011462353491496 0.013156169387275 0.0015752399976005 2399.9573958762 2413.9724321174 2404.0630782634 3.8458132781266 5.1917524857779 3.3672267470446 0.0026037516168593 0.14868987318043 0.02619765279292 0.00033050197714 0.015668441916955 0.0017593364543919 0.12693298969072 0.10537665801854 0.067156262749898
1 7 3 0.41380625036456 0.011034654913427 0.011034654913427 0.011034654913427 0.013239049859382 0.013615759686082 0.013672879768197 2403.3160790883 2403.222295715 2403.1676141145 6.1241312551537 6.0968868094779 6.024237256956 0.14200657594195 0.14639487244476 0.14256126564068 0.0084379304402735 0.0081171513641731 0.0095995963908708 0.059419293679207 0.055446964969595 0.067336638375996
1 7 3 0.42539912839887 0.011041047258348 0.011041047258348 0.011041047258348 0.013371203990222 0.013737145735893 0.013730015351148 2399.8529994137 2399.8691892649 2399.8709365789 6.724038954769 6.736022955549 6.6370029810081 0.2020357462559 0.1824608660409 0.1941382450073 0.017534926526055 0.01018513955284 0.016414035513468 0.086791208244138 0.055820953686346 0.084548181183211
1 7 3 0.43699949183708 0.011029705146345 0.011029705146345 0.011029705146345 0.013368017818301 0.013762239589919 0.013759428438234 2399.8756162807 2399.8713715315 2399.8729415444 6.9541272925104 6.6484355411049 6.5904505980351 0.20207750399865 0.1837655232054 0.20135318321382 0.017671841871637 0.011907183249311 0.017453428942314 0.087450812297022 0.064795523347447 0.08668067056968
1 7 3 0.44864491570668 0.011031622249789 0.011031622249789 0.011031622249789 1.581085313005e-05 0.013770745048861 0.013758368381035 2395.3252903005 2399.8708481451 2399.8701507015 19.566831683168 6.6964930466145 6.8251350193565 0.84282178217822 0.18134192935322 0.20143203738398 0.13613861386139 0.010816269314723 0.017400152153352 0.16152716593245 0.059645716538368 0.086382247726475
1 7 3 0.46024553165852 0.011035239444968 0.011035239444968 0.011035239444968 0.0083485029727671 0.013717106154587 0.013739032337691 2399.874093044 2399.8694497964 2399.8675299423 6.6762842249385 6.6807262100457 6.555752660862 0.20032605461915 0.18376328767123 0.19988036887615 0.017474752160102 0.0062434094368341 0.017194767056919 0.087231549552175 0.033975281548097 0.086025291796281
1 7 3 0.47190865548319 0.01106719366917 0.01106719366917 0.01106719366917 0.01273434312616 0.0137915061691 0.013741510971434 2399.87049958 2399.8729358646 2399.8728574017 6.7007551050961 6.6811450723949 6.7507098533965 0.2009686204749 0.18210709928122 0.20033280020123 0.017482212971789 0.0080149932308092 0.017271564030754 0.086989764523824 0.044012524840846 0.086214359373027
1 7 3 0.48361924136884 0.011164567923338 0.011164567923338 0.011164567923338 0.013509299941673 0.013883056609026 0.013917515468374 2399.8838238085 2399.8683386746 2399.8712755809 6.747869962633 6.7623422067827 6.8540988495291 0.20323377548795 0.17708229566739 0.20077673221355 0.017616501111568 0.0073798598995706 0.017320965835061 0.086680971552449 0.041674747166324 0.086269786563902
1 7 3 0.49535583615789 0.011143249773043 0.011143249773043 0.011143249773043 0.012069466250395 0.013860694902421 0.013859060814248 2399.864732976 2399.8737894629 2399.8692873773 6.5858596386589 6.6833527702627 6.7608106252291 0.20219182776641 0.17843583390214 0.20026729430498 0.017377299035844 0.0093215286033885 0.017224603077226 0.085944616198433 0.052240227758853 0.086008068052267
1 7 3 0.50701730389319 0.011107941867881 0.011107941867881 0.011107941867881 0.013437316557557 0.013874414142691 0.013900904072048 2399.8832700549 2399.8721428938 2399.8708448814 6.3270648580358 6.5879497539194 6.7128985467702 0.20296406831761 0.17746842169118 0.2004654546719 0.017596433342484 0.0095124899360872 0.017375831466581 0.086697283358293 0.05360102854039 0.086677435246985
1 7 3 0.51872466560487 0.011065568081455 0.011065568081455 0.011065568081455 9.6245193247061e-06 0.013731104909939 0.013617832297917 2393.9006724666 2399.87049958 2399.8707639393 11.910891089109 6.598168948533 6.6876050839579 0.7450495049505 0.18505282840338 0.18844108999766 0.11076732673267 0.0074973491489765 0.015044670888155 0.14867109634551 0.040514642297894 0.079837528472914
1 7 3 0.52977610042371 0.010667041077536 0.010667041077536 0.010667041077536 0.010179999797604 0.0027457841584174 0.013088702246849 2399.8663738503 2399.87049958 2399.8712330372 1.9298372450826 6.4719695451813 6.5006855573031 0.19863391238843 0.17392011503058 0.17394554432455 0.016627165745474 0.01046000447865 0.010332407750262 0.083707588223701 0.060142580269168 0.059400243854384
1 7 3 0.54079667507739 0.010686310617291 0.010686310617291 0.010686310617291 0.012894462765976 0.0 0.013204804011527 2399.8673354353 0.0 2399.870408704 2.0714357836475 0.0 6.6255099936425 0.18753467617085 0.0 0.17534272626507 0.015545206400682 0.0 0.010914152470976 0.082892437377926 0.0 0.062244683332213
1 7 3 0.55219400606028 0.010960918434717 0.010960918434717 0.010960918434717 0.0049097569231598 0.013647692409124 0.013855198605849 2399.8548573597 2399.8669825071 2399.8675548406 1.9847201164112 1.8975657422023 6.4972733115623 0.15741995262456 0.19867488386984 0.17057085180964 0.013205009854892 0.016566454469642 0.0074689948664583 0.083883965372457 0.083384744699264 0.043788225169878
1 7 3 0.56357815333179 0.01070776577498 0.01070776577498 0.01070776577498 5.3577890983076e-06 0.010718182337131 0.013584522000543 2429.5741121504 2475.3323557235 2481.4764274429 6.6305693069307 1.7556043860281 6.282289325099 0.48514851485149 0.16185024737524 0.16996021016212 0.065594059405941 0.013863202111062 0.012493319992203 0.13520408163265 0.085654500600924 0.073507322568532
1 7 3 0.5745329224347 0.010627249430438 0.010627249430438 0.010627249430438 5.0642732606309e-06 0.0017101297760518 0.013615742685165 2488.3178152894 2499.8651037292 2499.866572618 6.2673267326733 2.8890624353249 6.3254141424841 0.48886138613861 0.00016725784147842 0.1926715834363 0.079826732673267 0.0 0.0075345092603498 0.16329113924051 0.0 0.039105451494049
1 7 3 0.58547335726415 0.010597709836526 0.010597709836526 0.010597709836526 5.0057701038878e-06 0.0 0.0099600379287895 2521.5264033686 0.0 2499.8652292307 6.1949257425743 0.0 4.9568027317533 0.50556930693069 0.0 0.099905487545409 0.093440594059406 0.0 0.0038474382844621 0.18482252141983 0.0 0.038510780328392
1 7 3 0.59635805608617 0.010557238152735 0.010557238152735 0.010557238152735 0.023972788035883 0.024273611767883 0.024450355804727 2402.0596244836 2402.2729405747 2402.2424267234 5.8760828066658 5.8996278506999 5.8199589611261 0.13915753207652 0.14512218509074 0.14211911985422 0.0071945047220831 0.008836814075318 0.0070788486739135 0.051700433420499 0.060892234152845 0.04980926339239
1 7 3 0.62082458776352 0.011043971416132 0.011043971416132 0.011043971416132 0.013346611663257 0.013719185266772 0.013702760880537 2399.8696903862 2399.8699747676 2399.8707623008 6.6364106502676 6.5249090000205 6.3938116567655 0.20074683846753 0.1783028842701 0.18176137988897 0.017466592044149 0.0096681384255589 0.009409882254564 0.087008055406932 0.054223118516207 0.051770526061764
1 7 3 0.63242529922051 0.011051710333712 0.011051710333712 0.011051710333712 0.01341313525277 0.013764415707339 0.013732743498354 2399.8639686862 2399.8699764922 2399.8695383741 6.7098290576912 6.3904581933666 6.2885921515343 0.19992070718188 0.17865385820776 0.17834351588657 0.01762201588858 0.010461118449613 0.0082518294020481 0.088145025780387 0.058555233872686 0.046269298667951
1 7 3 0.64404780085326 0.011068879760149 0.011068879760149 0.011068879760149 0.013406316884861 0.013732135965573 0.013689009638541 2399.8700520299 2399.8724220793 2399.8710255495 6.4458118983314 6.5551004527954 6.3253449400437 0.20102445645772 0.17743780328581 0.17478618072578 0.017511829620765 0.0087601711886536 0.0095696212007613 0.087112931079846 0.049370376697817 0.054750445149751
1 7 3 0.65562232389716 0.011064741036829 0.011064741036829 0.011064741036829 0.013378327374589 0.013751262997639 0.013736442697958 2399.8671807841 2399.8699759919 2399.8700627858 6.5823545576818 6.4714044180369 6.2680043050115 0.19986926422625 0.17752789952055 0.1759015186414 0.016777921645627 0.010429626143483 0.0086755062233062 0.08394448096149 0.058749222920177 0.049320246296409
1 7 3 0.6672738455958 0.011094641150195 0.011094641150195 0.011094641150195 0.013460581812916 0.013786456896649 0.013804209854572 2399.8632785172 2399.8713699998 2399.8699780001 6.4611503563271 6.4866327459435 6.4146906943414 0.20031221228131 0.17813343797987 0.17172951485511 0.017426332014528 0.0069438905879051 0.0086462730708246 0.086995854202114 0.038981398813455 0.050348206469456
1 7 3 0.67891896944921 0.011079351825205 0.011079351825205 0.011079351825205 0.013421157185622 0.013757782349413 0.013757324824726 2399.8671019642 2399.87049958 2399.8702379013 6.386266733668 6.8876892362958 6.3394769185253 0.20066149500441 0.19384029989924 0.17631188573941 0.017470063556056 0.012366462853674 0.0084714793222264 0.087062361195265 0.063797171486539 0.048048259972373
1 7 3 0.69053741786326 0.011083092027021 0.011083092027021 0.011083092027021 0.013413071249317 0.013756489279641 0.013778722479312 2399.8611057951 2399.868929413 2399.8682352213 6.5917816197168 6.7515933852212 6.3045873515911 0.19953433110164 0.19991410652999 0.18050832586136 0.017391443241842 0.017175749083087 0.0096868315693839 0.087160155076183 0.085915643379126 0.053664181544865
1 7 3 0.70218682344771 0.011086688221066 0.011086688221066 0.011086688221066 0.013424055342002 0.013776128839363 0.013768076904892 2399.8767570199 2399.872154618 2399.8722427441 6.4927353340861 6.6304415630173 6.3577785766948 0.20104781835107 0.2000262803614 0.18108307743745 0.017416721222905 0.017250217438704 0.012076576885484 0.086629744932083 0.086239755133863 0.066690808751336
1 7 3 0.71380242320805 0.011060590812889 0.011060590812889 0.011060590812889 0.013402500678944 0.013719212268229 0.013692733339466 2399.8722007563 2399.868400336 2399.8695355654 6.4814824666508 6.5713406381377 6.3324747119467 0.19375272796739 0.20036917611741 0.17693196749402 0.01367774135786 0.017170258114318 0.0099891914991627 0.070593800156257 0.085693111320958 0.056457810539523
1 7 3 0.72543062364831 0.011119812508403 0.011119812508403 0.011119812508403 0.013435730972001 0.013845577086686 0.01387617473769 2399.8765729531 2399.870152899 2399.8673863341 6.3582823038221 6.485835571626 6.3425923195965 0.20004349280854 0.20093688565043 0.17834593470599 0.017337019100395 0.017313107146898 0.0088629006766824 0.086666248709162 0.086161916418954 0.049694996924339
1 7 3 0.73730186120248 0.011251882634709 0.011251882634709 0.011251882634709 9.8565318437555e-06 0.013987064721148 0.013888204886819 2380.5478707589 2399.8660383235 2399.8704131758 12.19801980198 6.3818750734349 6.1790914448397 0.82487623762376 0.20055462585569 0.1758800867545 0.10024752475248 0.017295839621641 0.0070247206719136 0.12153038259565 0.086240043319098 0.039940398037891
1 7 3 0.74872741970848 0.010994850765655 0.010994850765655 0.010994850765655 2.7335975008435e-05 0.013702381360059 0.013671030168395 2403.9599886679 2429.6839366508 2429.7456898442 1.0240516999157 6.2087465771023 6.1871659109389 0.063369860447691 0.20329305079823 0.17114049838886 0.019106490587244 0.018190353670357 0.01133874596932 0.30150753768844 0.089478482412128 0.066254019802818
1 7 3 0.75976450775319 0.010676234073576 0.010676234073576 0.010676234073576 0.0006929793921343 0.010997886929573 0.0091589022007006 2400.6257379851 2476.5390346363 2473.3671183208 3.4099966044811 3.9685582162065 4.5442406127257 0.015995846640651 0.14123514965417 0.079419694867688 0.0048521472966256 0.014514604369989 0.0049600870899301 0.303337948008 0.10276906567189 0.062454119197933